1024 5
0 256 512 768 1
0 256 512 768 2
0 256 512 768 3
0 256 512 768 4
0 256 512 768 5
0 256 512 768 6
0 256 512 768 7
0 256 512 768 8
0 256 512 768 9
0 256 512 768 10
0 256 512 768 11
0 256 512 768 12
0 256 512 768 13
0 256 512 768 14
0 256 512 768 15
0 256 512 768 15
0 256 512 768 17
0 256 512 768 18
0 256 512 768 19
0 256 512 768 20
0 256 512 768 21
0 256 512 768 22
0 256 512 768 23
0 256 512 768 24
0 256 512 768 25
0 256 512 768 26
0 256 512 768 27
0 256 512 768 28
0 256 512 768 29
0 256 512 768 30
0 256 512 768 31
0 256 512 768 31
0 256 512 768 33
0 256 512 768 34
0 256 512 768 35
0 256 512 768 36
0 256 512 768 37
0 256 512 768 38
0 256 512 768 39
0 256 512 768 40
0 256 512 768 41
0 256 512 768 42
0 256 512 768 43
0 256 512 768 44
0 256 512 768 45
0 256 512 768 46
0 256 512 768 47
0 256 512 768 47
0 256 512 768 49
0 256 512 768 50
0 256 512 768 51
0 256 512 768 52
0 256 512 768 53
0 256 512 768 54
0 256 512 768 55
0 256 512 768 56
0 256 512 768 57
0 256 512 768 58
0 256 512 768 59
0 256 512 768 60
0 256 512 768 61
0 256 512 768 62
0 256 512 768 63
0 256 512 768 63
16 272 528 784 65
16 272 528 784 66
16 272 528 784 67
16 272 528 784 68
16 272 528 784 69
16 272 528 784 70
16 272 528 784 71
16 272 528 784 72
16 272 528 784 73
16 272 528 784 74
16 272 528 784 75
16 272 528 784 76
16 272 528 784 77
16 272 528 784 78
16 272 528 784 79
16 272 528 784 79
16 272 528 784 81
16 272 528 784 82
16 272 528 784 83
16 272 528 784 84
16 272 528 784 85
16 272 528 784 86
16 272 528 784 87
16 272 528 784 88
16 272 528 784 89
16 272 528 784 90
16 272 528 784 91
16 272 528 784 92
16 272 528 784 93
16 272 528 784 94
16 272 528 784 95
16 272 528 784 95
16 272 528 784 97
16 272 528 784 98
16 272 528 784 99
16 272 528 784 100
16 272 528 784 101
16 272 528 784 102
16 272 528 784 103
16 272 528 784 104
16 272 528 784 105
16 272 528 784 106
16 272 528 784 107
16 272 528 784 108
16 272 528 784 109
16 272 528 784 110
16 272 528 784 111
16 272 528 784 111
16 272 528 784 113
16 272 528 784 114
16 272 528 784 115
16 272 528 784 116
16 272 528 784 117
16 272 528 784 118
16 272 528 784 119
16 272 528 784 120
16 272 528 784 121
16 272 528 784 122
16 272 528 784 123
16 272 528 784 124
16 272 528 784 125
16 272 528 784 126
16 272 528 784 127
16 272 528 784 127
32 288 544 800 129
32 288 544 800 130
32 288 544 800 131
32 288 544 800 132
32 288 544 800 133
32 288 544 800 134
32 288 544 800 135
32 288 544 800 136
32 288 544 800 137
32 288 544 800 138
32 288 544 800 139
32 288 544 800 140
32 288 544 800 141
32 288 544 800 142
32 288 544 800 143
32 288 544 800 143
32 288 544 800 145
32 288 544 800 146
32 288 544 800 147
32 288 544 800 148
32 288 544 800 149
32 288 544 800 150
32 288 544 800 151
32 288 544 800 152
32 288 544 800 153
32 288 544 800 154
32 288 544 800 155
32 288 544 800 156
32 288 544 800 157
32 288 544 800 158
32 288 544 800 159
32 288 544 800 159
32 288 544 800 161
32 288 544 800 162
32 288 544 800 163
32 288 544 800 164
32 288 544 800 165
32 288 544 800 166
32 288 544 800 167
32 288 544 800 168
32 288 544 800 169
32 288 544 800 170
32 288 544 800 171
32 288 544 800 172
32 288 544 800 173
32 288 544 800 174
32 288 544 800 175
32 288 544 800 175
32 288 544 800 177
32 288 544 800 178
32 288 544 800 179
32 288 544 800 180
32 288 544 800 181
32 288 544 800 182
32 288 544 800 183
32 288 544 800 184
32 288 544 800 185
32 288 544 800 186
32 288 544 800 187
32 288 544 800 188
32 288 544 800 189
32 288 544 800 190
32 288 544 800 191
32 288 544 800 191
48 304 560 816 193
48 304 560 816 194
48 304 560 816 195
48 304 560 816 196
48 304 560 816 197
48 304 560 816 198
48 304 560 816 199
48 304 560 816 200
48 304 560 816 201
48 304 560 816 202
48 304 560 816 203
48 304 560 816 204
48 304 560 816 205
48 304 560 816 206
48 304 560 816 207
48 304 560 816 207
48 304 560 816 209
48 304 560 816 210
48 304 560 816 211
48 304 560 816 212
48 304 560 816 213
48 304 560 816 214
48 304 560 816 215
48 304 560 816 216
48 304 560 816 217
48 304 560 816 218
48 304 560 816 219
48 304 560 816 220
48 304 560 816 221
48 304 560 816 222
48 304 560 816 223
48 304 560 816 223
48 304 560 816 225
48 304 560 816 226
48 304 560 816 227
48 304 560 816 228
48 304 560 816 229
48 304 560 816 230
48 304 560 816 231
48 304 560 816 232
48 304 560 816 233
48 304 560 816 234
48 304 560 816 235
48 304 560 816 236
48 304 560 816 237
48 304 560 816 238
48 304 560 816 239
48 304 560 816 239
48 304 560 816 241
48 304 560 816 242
48 304 560 816 243
48 304 560 816 244
48 304 560 816 245
48 304 560 816 246
48 304 560 816 247
48 304 560 816 248
48 304 560 816 249
48 304 560 816 250
48 304 560 816 251
48 304 560 816 252
48 304 560 816 253
48 304 560 816 254
48 304 560 816 255
48 304 560 816 255
64 320 576 832 257
64 320 576 832 258
64 320 576 832 259
64 320 576 832 260
64 320 576 832 261
64 320 576 832 262
64 320 576 832 263
64 320 576 832 264
64 320 576 832 265
64 320 576 832 266
64 320 576 832 267
64 320 576 832 268
64 320 576 832 269
64 320 576 832 270
64 320 576 832 271
64 320 576 832 271
64 320 576 832 273
64 320 576 832 274
64 320 576 832 275
64 320 576 832 276
64 320 576 832 277
64 320 576 832 278
64 320 576 832 279
64 320 576 832 280
64 320 576 832 281
64 320 576 832 282
64 320 576 832 283
64 320 576 832 284
64 320 576 832 285
64 320 576 832 286
64 320 576 832 287
64 320 576 832 287
64 320 576 832 289
64 320 576 832 290
64 320 576 832 291
64 320 576 832 292
64 320 576 832 293
64 320 576 832 294
64 320 576 832 295
64 320 576 832 296
64 320 576 832 297
64 320 576 832 298
64 320 576 832 299
64 320 576 832 300
64 320 576 832 301
64 320 576 832 302
64 320 576 832 303
64 320 576 832 303
64 320 576 832 305
64 320 576 832 306
64 320 576 832 307
64 320 576 832 308
64 320 576 832 309
64 320 576 832 310
64 320 576 832 311
64 320 576 832 312
64 320 576 832 313
64 320 576 832 314
64 320 576 832 315
64 320 576 832 316
64 320 576 832 317
64 320 576 832 318
64 320 576 832 319
64 320 576 832 319
80 336 592 848 321
80 336 592 848 322
80 336 592 848 323
80 336 592 848 324
80 336 592 848 325
80 336 592 848 326
80 336 592 848 327
80 336 592 848 328
80 336 592 848 329
80 336 592 848 330
80 336 592 848 331
80 336 592 848 332
80 336 592 848 333
80 336 592 848 334
80 336 592 848 335
80 336 592 848 335
80 336 592 848 337
80 336 592 848 338
80 336 592 848 339
80 336 592 848 340
80 336 592 848 341
80 336 592 848 342
80 336 592 848 343
80 336 592 848 344
80 336 592 848 345
80 336 592 848 346
80 336 592 848 347
80 336 592 848 348
80 336 592 848 349
80 336 592 848 350
80 336 592 848 351
80 336 592 848 351
80 336 592 848 353
80 336 592 848 354
80 336 592 848 355
80 336 592 848 356
80 336 592 848 357
80 336 592 848 358
80 336 592 848 359
80 336 592 848 360
80 336 592 848 361
80 336 592 848 362
80 336 592 848 363
80 336 592 848 364
80 336 592 848 365
80 336 592 848 366
80 336 592 848 367
80 336 592 848 367
80 336 592 848 369
80 336 592 848 370
80 336 592 848 371
80 336 592 848 372
80 336 592 848 373
80 336 592 848 374
80 336 592 848 375
80 336 592 848 376
80 336 592 848 377
80 336 592 848 378
80 336 592 848 379
80 336 592 848 380
80 336 592 848 381
80 336 592 848 382
80 336 592 848 383
80 336 592 848 383
96 352 608 864 385
96 352 608 864 386
96 352 608 864 387
96 352 608 864 388
96 352 608 864 389
96 352 608 864 390
96 352 608 864 391
96 352 608 864 392
96 352 608 864 393
96 352 608 864 394
96 352 608 864 395
96 352 608 864 396
96 352 608 864 397
96 352 608 864 398
96 352 608 864 399
96 352 608 864 399
96 352 608 864 401
96 352 608 864 402
96 352 608 864 403
96 352 608 864 404
96 352 608 864 405
96 352 608 864 406
96 352 608 864 407
96 352 608 864 408
96 352 608 864 409
96 352 608 864 410
96 352 608 864 411
96 352 608 864 412
96 352 608 864 413
96 352 608 864 414
96 352 608 864 415
96 352 608 864 415
96 352 608 864 417
96 352 608 864 418
96 352 608 864 419
96 352 608 864 420
96 352 608 864 421
96 352 608 864 422
96 352 608 864 423
96 352 608 864 424
96 352 608 864 425
96 352 608 864 426
96 352 608 864 427
96 352 608 864 428
96 352 608 864 429
96 352 608 864 430
96 352 608 864 431
96 352 608 864 431
96 352 608 864 433
96 352 608 864 434
96 352 608 864 435
96 352 608 864 436
96 352 608 864 437
96 352 608 864 438
96 352 608 864 439
96 352 608 864 440
96 352 608 864 441
96 352 608 864 442
96 352 608 864 443
96 352 608 864 444
96 352 608 864 445
96 352 608 864 446
96 352 608 864 447
96 352 608 864 447
112 368 624 880 449
112 368 624 880 450
112 368 624 880 451
112 368 624 880 452
112 368 624 880 453
112 368 624 880 454
112 368 624 880 455
112 368 624 880 456
112 368 624 880 457
112 368 624 880 458
112 368 624 880 459
112 368 624 880 460
112 368 624 880 461
112 368 624 880 462
112 368 624 880 463
112 368 624 880 463
112 368 624 880 465
112 368 624 880 466
112 368 624 880 467
112 368 624 880 468
112 368 624 880 469
112 368 624 880 470
112 368 624 880 471
112 368 624 880 472
112 368 624 880 473
112 368 624 880 474
112 368 624 880 475
112 368 624 880 476
112 368 624 880 477
112 368 624 880 478
112 368 624 880 479
112 368 624 880 479
112 368 624 880 481
112 368 624 880 482
112 368 624 880 483
112 368 624 880 484
112 368 624 880 485
112 368 624 880 486
112 368 624 880 487
112 368 624 880 488
112 368 624 880 489
112 368 624 880 490
112 368 624 880 491
112 368 624 880 492
112 368 624 880 493
112 368 624 880 494
112 368 624 880 495
112 368 624 880 495
112 368 624 880 497
112 368 624 880 498
112 368 624 880 499
112 368 624 880 500
112 368 624 880 501
112 368 624 880 502
112 368 624 880 503
112 368 624 880 504
112 368 624 880 505
112 368 624 880 506
112 368 624 880 507
112 368 624 880 508
112 368 624 880 509
112 368 624 880 510
112 368 624 880 511
112 368 624 880 511
128 384 640 896 513
128 384 640 896 514
128 384 640 896 515
128 384 640 896 516
128 384 640 896 517
128 384 640 896 518
128 384 640 896 519
128 384 640 896 520
128 384 640 896 521
128 384 640 896 522
128 384 640 896 523
128 384 640 896 524
128 384 640 896 525
128 384 640 896 526
128 384 640 896 527
128 384 640 896 527
128 384 640 896 529
128 384 640 896 530
128 384 640 896 531
128 384 640 896 532
128 384 640 896 533
128 384 640 896 534
128 384 640 896 535
128 384 640 896 536
128 384 640 896 537
128 384 640 896 538
128 384 640 896 539
128 384 640 896 540
128 384 640 896 541
128 384 640 896 542
128 384 640 896 543
128 384 640 896 543
128 384 640 896 545
128 384 640 896 546
128 384 640 896 547
128 384 640 896 548
128 384 640 896 549
128 384 640 896 550
128 384 640 896 551
128 384 640 896 552
128 384 640 896 553
128 384 640 896 554
128 384 640 896 555
128 384 640 896 556
128 384 640 896 557
128 384 640 896 558
128 384 640 896 559
128 384 640 896 559
128 384 640 896 561
128 384 640 896 562
128 384 640 896 563
128 384 640 896 564
128 384 640 896 565
128 384 640 896 566
128 384 640 896 567
128 384 640 896 568
128 384 640 896 569
128 384 640 896 570
128 384 640 896 571
128 384 640 896 572
128 384 640 896 573
128 384 640 896 574
128 384 640 896 575
128 384 640 896 575
144 400 656 912 577
144 400 656 912 578
144 400 656 912 579
144 400 656 912 580
144 400 656 912 581
144 400 656 912 582
144 400 656 912 583
144 400 656 912 584
144 400 656 912 585
144 400 656 912 586
144 400 656 912 587
144 400 656 912 588
144 400 656 912 589
144 400 656 912 590
144 400 656 912 591
144 400 656 912 591
144 400 656 912 593
144 400 656 912 594
144 400 656 912 595
144 400 656 912 596
144 400 656 912 597
144 400 656 912 598
144 400 656 912 599
144 400 656 912 600
144 400 656 912 601
144 400 656 912 602
144 400 656 912 603
144 400 656 912 604
144 400 656 912 605
144 400 656 912 606
144 400 656 912 607
144 400 656 912 607
144 400 656 912 609
144 400 656 912 610
144 400 656 912 611
144 400 656 912 612
144 400 656 912 613
144 400 656 912 614
144 400 656 912 615
144 400 656 912 616
144 400 656 912 617
144 400 656 912 618
144 400 656 912 619
144 400 656 912 620
144 400 656 912 621
144 400 656 912 622
144 400 656 912 623
144 400 656 912 623
144 400 656 912 625
144 400 656 912 626
144 400 656 912 627
144 400 656 912 628
144 400 656 912 629
144 400 656 912 630
144 400 656 912 631
144 400 656 912 632
144 400 656 912 633
144 400 656 912 634
144 400 656 912 635
144 400 656 912 636
144 400 656 912 637
144 400 656 912 638
144 400 656 912 639
144 400 656 912 639
160 416 672 928 641
160 416 672 928 642
160 416 672 928 643
160 416 672 928 644
160 416 672 928 645
160 416 672 928 646
160 416 672 928 647
160 416 672 928 648
160 416 672 928 649
160 416 672 928 650
160 416 672 928 651
160 416 672 928 652
160 416 672 928 653
160 416 672 928 654
160 416 672 928 655
160 416 672 928 655
160 416 672 928 657
160 416 672 928 658
160 416 672 928 659
160 416 672 928 660
160 416 672 928 661
160 416 672 928 662
160 416 672 928 663
160 416 672 928 664
160 416 672 928 665
160 416 672 928 666
160 416 672 928 667
160 416 672 928 668
160 416 672 928 669
160 416 672 928 670
160 416 672 928 671
160 416 672 928 671
160 416 672 928 673
160 416 672 928 674
160 416 672 928 675
160 416 672 928 676
160 416 672 928 677
160 416 672 928 678
160 416 672 928 679
160 416 672 928 680
160 416 672 928 681
160 416 672 928 682
160 416 672 928 683
160 416 672 928 684
160 416 672 928 685
160 416 672 928 686
160 416 672 928 687
160 416 672 928 687
160 416 672 928 689
160 416 672 928 690
160 416 672 928 691
160 416 672 928 692
160 416 672 928 693
160 416 672 928 694
160 416 672 928 695
160 416 672 928 696
160 416 672 928 697
160 416 672 928 698
160 416 672 928 699
160 416 672 928 700
160 416 672 928 701
160 416 672 928 702
160 416 672 928 703
160 416 672 928 703
176 432 688 944 705
176 432 688 944 706
176 432 688 944 707
176 432 688 944 708
176 432 688 944 709
176 432 688 944 710
176 432 688 944 711
176 432 688 944 712
176 432 688 944 713
176 432 688 944 714
176 432 688 944 715
176 432 688 944 716
176 432 688 944 717
176 432 688 944 718
176 432 688 944 719
176 432 688 944 719
176 432 688 944 721
176 432 688 944 722
176 432 688 944 723
176 432 688 944 724
176 432 688 944 725
176 432 688 944 726
176 432 688 944 727
176 432 688 944 728
176 432 688 944 729
176 432 688 944 730
176 432 688 944 731
176 432 688 944 732
176 432 688 944 733
176 432 688 944 734
176 432 688 944 735
176 432 688 944 735
176 432 688 944 737
176 432 688 944 738
176 432 688 944 739
176 432 688 944 740
176 432 688 944 741
176 432 688 944 742
176 432 688 944 743
176 432 688 944 744
176 432 688 944 745
176 432 688 944 746
176 432 688 944 747
176 432 688 944 748
176 432 688 944 749
176 432 688 944 750
176 432 688 944 751
176 432 688 944 751
176 432 688 944 753
176 432 688 944 754
176 432 688 944 755
176 432 688 944 756
176 432 688 944 757
176 432 688 944 758
176 432 688 944 759
176 432 688 944 760
176 432 688 944 761
176 432 688 944 762
176 432 688 944 763
176 432 688 944 764
176 432 688 944 765
176 432 688 944 766
176 432 688 944 767
176 432 688 944 767
192 448 704 960 769
192 448 704 960 770
192 448 704 960 771
192 448 704 960 772
192 448 704 960 773
192 448 704 960 774
192 448 704 960 775
192 448 704 960 776
192 448 704 960 777
192 448 704 960 778
192 448 704 960 779
192 448 704 960 780
192 448 704 960 781
192 448 704 960 782
192 448 704 960 783
192 448 704 960 783
192 448 704 960 785
192 448 704 960 786
192 448 704 960 787
192 448 704 960 788
192 448 704 960 789
192 448 704 960 790
192 448 704 960 791
192 448 704 960 792
192 448 704 960 793
192 448 704 960 794
192 448 704 960 795
192 448 704 960 796
192 448 704 960 797
192 448 704 960 798
192 448 704 960 799
192 448 704 960 799
192 448 704 960 801
192 448 704 960 802
192 448 704 960 803
192 448 704 960 804
192 448 704 960 805
192 448 704 960 806
192 448 704 960 807
192 448 704 960 808
192 448 704 960 809
192 448 704 960 810
192 448 704 960 811
192 448 704 960 812
192 448 704 960 813
192 448 704 960 814
192 448 704 960 815
192 448 704 960 815
192 448 704 960 817
192 448 704 960 818
192 448 704 960 819
192 448 704 960 820
192 448 704 960 821
192 448 704 960 822
192 448 704 960 823
192 448 704 960 824
192 448 704 960 825
192 448 704 960 826
192 448 704 960 827
192 448 704 960 828
192 448 704 960 829
192 448 704 960 830
192 448 704 960 831
192 448 704 960 831
208 464 720 976 833
208 464 720 976 834
208 464 720 976 835
208 464 720 976 836
208 464 720 976 837
208 464 720 976 838
208 464 720 976 839
208 464 720 976 840
208 464 720 976 841
208 464 720 976 842
208 464 720 976 843
208 464 720 976 844
208 464 720 976 845
208 464 720 976 846
208 464 720 976 847
208 464 720 976 847
208 464 720 976 849
208 464 720 976 850
208 464 720 976 851
208 464 720 976 852
208 464 720 976 853
208 464 720 976 854
208 464 720 976 855
208 464 720 976 856
208 464 720 976 857
208 464 720 976 858
208 464 720 976 859
208 464 720 976 860
208 464 720 976 861
208 464 720 976 862
208 464 720 976 863
208 464 720 976 863
208 464 720 976 865
208 464 720 976 866
208 464 720 976 867
208 464 720 976 868
208 464 720 976 869
208 464 720 976 870
208 464 720 976 871
208 464 720 976 872
208 464 720 976 873
208 464 720 976 874
208 464 720 976 875
208 464 720 976 876
208 464 720 976 877
208 464 720 976 878
208 464 720 976 879
208 464 720 976 879
208 464 720 976 881
208 464 720 976 882
208 464 720 976 883
208 464 720 976 884
208 464 720 976 885
208 464 720 976 886
208 464 720 976 887
208 464 720 976 888
208 464 720 976 889
208 464 720 976 890
208 464 720 976 891
208 464 720 976 892
208 464 720 976 893
208 464 720 976 894
208 464 720 976 895
208 464 720 976 895
224 480 736 992 897
224 480 736 992 898
224 480 736 992 899
224 480 736 992 900
224 480 736 992 901
224 480 736 992 902
224 480 736 992 903
224 480 736 992 904
224 480 736 992 905
224 480 736 992 906
224 480 736 992 907
224 480 736 992 908
224 480 736 992 909
224 480 736 992 910
224 480 736 992 911
224 480 736 992 911
224 480 736 992 913
224 480 736 992 914
224 480 736 992 915
224 480 736 992 916
224 480 736 992 917
224 480 736 992 918
224 480 736 992 919
224 480 736 992 920
224 480 736 992 921
224 480 736 992 922
224 480 736 992 923
224 480 736 992 924
224 480 736 992 925
224 480 736 992 926
224 480 736 992 927
224 480 736 992 927
224 480 736 992 929
224 480 736 992 930
224 480 736 992 931
224 480 736 992 932
224 480 736 992 933
224 480 736 992 934
224 480 736 992 935
224 480 736 992 936
224 480 736 992 937
224 480 736 992 938
224 480 736 992 939
224 480 736 992 940
224 480 736 992 941
224 480 736 992 942
224 480 736 992 943
224 480 736 992 943
224 480 736 992 945
224 480 736 992 946
224 480 736 992 947
224 480 736 992 948
224 480 736 992 949
224 480 736 992 950
224 480 736 992 951
224 480 736 992 952
224 480 736 992 953
224 480 736 992 954
224 480 736 992 955
224 480 736 992 956
224 480 736 992 957
224 480 736 992 958
224 480 736 992 959
224 480 736 992 959
240 496 752 1008 961
240 496 752 1008 962
240 496 752 1008 963
240 496 752 1008 964
240 496 752 1008 965
240 496 752 1008 966
240 496 752 1008 967
240 496 752 1008 968
240 496 752 1008 969
240 496 752 1008 970
240 496 752 1008 971
240 496 752 1008 972
240 496 752 1008 973
240 496 752 1008 974
240 496 752 1008 975
240 496 752 1008 975
240 496 752 1008 977
240 496 752 1008 978
240 496 752 1008 979
240 496 752 1008 980
240 496 752 1008 981
240 496 752 1008 982
240 496 752 1008 983
240 496 752 1008 984
240 496 752 1008 985
240 496 752 1008 986
240 496 752 1008 987
240 496 752 1008 988
240 496 752 1008 989
240 496 752 1008 990
240 496 752 1008 991
240 496 752 1008 991
240 496 752 1008 993
240 496 752 1008 994
240 496 752 1008 995
240 496 752 1008 996
240 496 752 1008 997
240 496 752 1008 998
240 496 752 1008 999
240 496 752 1008 1000
240 496 752 1008 1001
240 496 752 1008 1002
240 496 752 1008 1003
240 496 752 1008 1004
240 496 752 1008 1005
240 496 752 1008 1006
240 496 752 1008 1007
240 496 752 1008 1007
240 496 752 1008 1009
240 496 752 1008 1010
240 496 752 1008 1011
240 496 752 1008 1012
240 496 752 1008 1013
240 496 752 1008 1014
240 496 752 1008 1015
240 496 752 1008 1016
240 496 752 1008 1017
240 496 752 1008 1018
240 496 752 1008 1019
240 496 752 1008 1020
240 496 752 1008 1021
240 496 752 1008 1022
240 496 752 1008 1023
240 496 752 1008 1023
